best fit: 99.81116211158536
Wa:
	 0.8684211993659257 -0.9225310746765683 0.17694620277789186 1.833062391569837
	 -1.9689462551484365 0.5844140464229981 1.047802157585688 -1.1197558461535482
	 -0.9844208778631591 1.908468338982464 -0.20194207143100007 0.4066400345551151
	 1.7197889790412573 -0.9942870230274723 -0.3783054079545005 0.7405632530854107

Wb:
	 -1.378636947764309 -0.07089486375103382 1.5174665951942816 0.5455487187422841
	 0.3943279641588311 -0.4224388993020587 0.5337264233728174 -1.3013468606411203
	 1.038520939434914 1.3825021700069389 1.5736651592145896 0.2930459580606324
	 0.49059355496956014 0.7356628894946855 -1.8798396405549722 -0.3256178132777374
