Wa:
	 1.604879067044462 -0.06698319120170915 -0.4855039536332497 -1.6463697729442281
	 -0.1508555027139935 -1.1633273424851498 -1.5361604082059377 1.8490996808093532
	 1.5019263937164515 -1.7154870969477831 -1.1076963503391224 0.653139960470051
	 -0.3287593885039741 0.18241533590063463 1.4275746947299077 0.10599309214638364

Wb:
	 0.5205722836571449 1.602006734981042 1.474021744620905 0.7029363860778166 -1.7662218984901301 1.3269871426626625 0.937294352424161
	 1.7326280156653886 -0.16553932807700944 1.9132462693786159 0.8639005131749351 0.9804107468052208 0.29346407414838405 -0.49189539908467816
	 -1.7837178637741613 0.8222290261245866 1.071141360142279 0.9790362694632848 -1.966617295556647 0.5656290940450313 1.0883036094423408
	 1.2448034289232153 -1.3460741108755885 0.23733885699098156 0.3772736213946253 1.0818905319058985 -0.3862446682372642 -1.2570625238957844

