
#Printing population 4:
0.0	-30.0
0.05	-30.0
0.1	-30.0
0.15000000000000002	-30.0
0.2	-30.0
0.25	-30.0
0.30000000000000004	-30.0
0.35000000000000003	-30.0
0.4	-30.0
0.45	-30.0
0.5	-30.0
0.55	-30.0
0.6000000000000001	-30.0
0.65	-30.0
0.7000000000000001	-23.818218144458996
0.75	-10.62651715008271
0.8	-2.3503433560693794
0.8500000000000001	1.3173850877845503
0.9	1.3580862868052739
0.9500000000000001	-1.1443362889839088
1.0	-5.305347777104685
1.05	-10.504062954581189
1.1	-16.334740800818455
1.1500000000000001	-22.527098065772673
1.2000000000000002	-28.860588317016344
1.25	-30.0
1.3	-30.0
1.35	-30.0
1.4000000000000001	-30.0
1.4500000000000002	-30.0
1.5	-30.0
1.55	-30.0
1.6	-30.0
1.6500000000000001	-24.872326093315383
1.7000000000000002	-13.690869518912068
1.75	-4.191234396325391
1.8	0.20733855649664787
1.85	0.6858073450993926
1.9000000000000001	-1.5529677161353692
1.9500000000000002	-5.554358771359472
2.0	-10.656050622358546
2.0500000000000003	-16.427597291733495
2.1	-22.583854569472418
2.15	-28.89527781942725
2.2	-30.0
2.25	-30.0
2.3000000000000003	-30.0
2.35	-30.0
2.4000000000000004	-30.0
2.45	-30.0
2.5	-30.0
2.5500000000000003	-30.0
2.6	-19.48287391182952
2.6500000000000004	-7.549516544954045
2.7	-1.7157517450659792
2.75	-0.46447154535978963
2.8000000000000003	-2.2625256334635466
2.85	-6.0003572713026205
2.9000000000000004	-10.939221991403386
2.95	-16.60820284797271
3.0	-22.699174655559297
3.0500000000000003	-28.968818276517823
3.1	-30.0
3.1500000000000004	-30.0
3.2	-30.0
3.25	-30.0
3.3000000000000003	-30.0
3.35	-30.0
3.4000000000000004	-30.0
3.45	-21.090033626422706
3.5	-8.523935126562069
3.5500000000000003	-0.9125003547362682
3.6	0.0190005953257829
3.6500000000000004	-1.9718028527374385
3.7	-5.825633612379178
3.75	-10.834250425866042
3.8000000000000003	-16.545154257720743
3.85	-22.66131523200605
3.9000000000000004	-28.946090723581825
3.95	-30.0
4.0	-30.0
4.05	-30.0
4.1000000000000005	-30.0
4.15	-30.0
4.2	-30.0
4.25	-30.0
4.3	-19.36316027167126
4.3500000000000005	-7.291663256252215
4.4	-1.5725218764174782
4.45	-0.3797618961656883
4.5	-2.2101587006917365
4.55	-8.656502139104736
4.6000000000000005	-15.232370131652868
4.65	-21.869615503159952
4.7	-28.468594142475844
4.75	-30.0
4.800000000000001	-30.0
4.8500000000000005	-30.0
4.9	-30.0
4.95	-30.0


