
#Printing population 4:
0.0	5.369863788643777
0.04	4.993721725279673
0.08	4.611196445930712
0.12	4.222280597057067
0.16	3.8270601972459857
0.2	3.4257363499685884
0.24	3.0186651100000894
0.28	2.6064104746116654
0.32	2.1897840658009518
0.36	1.7698673571263976
0.4	1.3480197892231194
0.44	0.9258650069070911
0.48	0.5052703436811519
0.52	0.08833446727785776
0.56	-0.3226032506705467
0.6	-0.7249195048776855
0.64	-1.1156258108431758
0.68	-1.4912436802146434
0.72	-1.8476466103873528
0.76	-2.1799753251058944
0.8	-2.483116055886277
0.84	-2.7545304726674296
0.88	-3.0024329041350084
0.92	-3.250856368726814
0.96	-3.5221758567117343
1.0	-3.8222716784762785
1.04	-4.147527212353603
1.08	-4.492534134675793
1.12	-4.852456460162274
1.16	5.223357267859717
1.2	4.844624354391503
1.24	4.460555790860888
1.28	4.073102876464839
1.32	3.6837405411999713
1.36	3.2935074795850463
1.4000000000000001	2.9030343858932466
1.44	2.5125666542384737
1.48	2.121984592308593
1.52	1.7308170279173216
1.56	1.338253073496267
1.6	0.9431554115536956
1.6400000000000001	0.5440637903745146
1.68	0.13918739868845875
1.72	-0.2736171501069612
1.76	-0.6968802507665912
1.8	-1.1335549920800057
1.84	-1.5869904469024279
1.8800000000000001	-2.0606260240674543
1.92	-2.5568118199600613
1.96	-3.0737375835738874
2.0	-3.6015395265416945
2.04	-4.124856776466201
2.08	-4.632706005848928
2.12	5.122311428345502
2.16	4.649092443994411
2.2	4.189104918853703
2.24	3.739259167815719
2.2800000000000002	3.2969117450258953
2.32	2.85992194513088
2.36	2.4266269109832934
2.4	1.9958058092352886
2.44	1.5666495358697305
2.48	1.1387369390019257
2.52	0.7120142174311865
2.56	0.28677915588166875
2.6	-0.13633488653232056
2.64	-0.5563699597962806
2.68	-0.9720531795622654
2.72	-1.3818103261166292
2.7600000000000002	-1.7837813209100044
2.8000000000000003	-2.17586579343414
2.84	-2.5558622342005917
2.88	-2.9218521962021606
2.92	-3.273113216007973
2.96	-3.6117607271355965
3.0	-3.9441661768914718
3.04	-4.279472085392073
3.08	-4.6251647982344455
3.12	-4.984481353615618
3.16	5.35734597128311
3.2	4.972486996819181
3.24	4.577517353248636
3.2800000000000002	4.174156482205865
3.3200000000000003	3.7637891514861876
3.36	3.3474181079771808
3.4	2.925664414571588
3.44	2.498782858397469
3.48	2.0666787120960914
3.52	1.6289239949986452
3.56	1.1847749810131736
3.6	0.7331987056385701
3.64	0.27292026074954473
3.68	-0.19747847105326538
3.72	-0.6793426296019414
3.7600000000000002	-1.1735076858746798
3.8000000000000003	-1.6795403341823263
3.84	-2.1948234926473167
3.88	-2.7143360971657207
3.92	-3.232084367051727
3.96	-3.743379300854505
4.0	-4.245932476984095
4.04	-4.739413080286741
4.08	5.224540429574714
4.12	4.746677232418821
4.16	4.274988181031685
4.2	3.808556154755441
4.24	3.34671145892221
4.28	2.8890560915034587
4.32	2.4354645584106134
4.36	1.986074587086751
4.4	1.5412698395192324
4.44	1.1016520365524316
4.48	0.6679947017950107
4.5200000000000005	0.24115830671080013
4.5600000000000005	-0.17805595264719098
4.6000000000000005	-0.5891491038440841
4.64	-0.9923063315514968
4.68	-1.3888555097740332
4.72	-1.781529131630379
4.76	-2.174116601346812
4.8	-2.5704484571341157
4.84	-2.9733644278966724
4.88	-3.3843410425359783
4.92	-3.803754172036778
4.96	-4.231346539216591
5.0	-4.666613195487236
5.04	5.109044654311001
5.08	4.6598343919959815
5.12	4.2040488481374645
5.16	3.741692562028997
5.2	3.272582799835374
5.24	2.7963828746781707
5.28	2.3126694367215013
5.32	1.8210450560689115
5.36	1.3213134290590012
5.4	0.8137229779430905
5.44	0.29923689734111003
5.48	-0.2203011564829941
5.5200000000000005	-0.7423037176733611
5.5600000000000005	-1.2639474222341995
5.6000000000000005	-1.7828095783868005
5.64	-2.297255814231665
5.68	-2.8064569348142596
5.72	-3.310183964061789
5.76	-3.8085545275257373
5.8	-4.3018285298712
5.84	-4.7902728457011055
5.88	5.274082712826834
5.92	4.794821971398552
5.96	4.3201395260502045
6.0	3.8501653988431035
6.04	3.3851038961584807
6.08	2.9251680890067298
6.12	2.47048443266828
6.16	2.0209690355659644
6.2	1.5761756115710805
6.24	1.135160260949716
6.28	0.6964390658439981
6.32	0.2581169532727097
6.36	-0.18182387381132625
6.4	-0.6251834077924026
6.44	-1.0733102349020984
6.48	-1.5270535367700449
6.5200000000000005	-1.9868438457641653
6.5600000000000005	-2.4528338748987197
6.6000000000000005	-2.925033725401244
6.640000000000001	-3.4034046392637554
6.68	-3.8879175154004755
6.72	-4.378574310780441
6.76	-4.875400797022091
6.8	5.3784125399971
6.84	4.869276352060132
6.88	4.354231545137923
6.92	3.83374196165373
6.96	3.3086049700417344
7.0	2.779973957560697
7.04	2.249281883114563
7.08	1.7180683248751922
7.12	1.1877702603399154
7.16	0.6595570186712864
7.2	0.13426466278104976
7.24	-0.387582879102369
7.28	-0.9056990354976044
7.32	-1.4199558113435602
7.36	-1.930316314746515
7.4	-2.4367783733460358
7.44	-2.9393437796113515
7.48	-3.4380125856487194
7.5200000000000005	-3.932794569027673
7.5600000000000005	-4.423734138195538
7.6000000000000005	-4.910951083913785
7.640000000000001	5.394695110733422
7.68	4.913986414150791
7.72	4.435644783096795
7.76	3.9587678001068975
7.8	3.482272737473108
7.84	3.004992273692241
7.88	2.5257923693818016
7.92	2.043680772311441
7.96	1.5578682750082384
8.0	1.0677818043588272
8.040000000000001	0.5730418883075624
8.08	0.07341806368518339
8.120000000000001	-0.4312156169556984
8.16	-0.9409107342441638
8.2	-1.4556605241835268
8.24	-1.975404967621761
8.28	-2.5000174944495717
8.32	-3.0292768349411188
8.36	-3.562831907374415
8.4	-4.10017896522557
8.44	-4.6406548236383625
8.48	5.183447174879097
8.52	4.639249113813731
8.56	4.0945744758106315
8.6	3.5502913273079755
8.64	3.0071502794246108
8.68	2.465752102692881
8.72	1.9265434771046266
8.76	1.3898364888918397
8.8	0.8558344089752762
8.84	0.3246581856380961
8.88	-0.2036324381465361
8.92	-0.7290260226261327
8.96	-1.2515578405989893
9.0	-1.7713183584324053
9.040000000000001	-2.2884679375732144
9.08	-2.803254986384213
9.120000000000001	-3.3160302488196214
9.16	-3.8272554234791847
9.200000000000001	-4.337507343832614
9.24	-4.847459277577033
9.28	5.357838877997388
9.32	4.8462983629865715
9.36	4.332904192611889
9.4	3.817044821598601
9.44	3.2982172984209486
9.48	2.77603600025129
9.52	2.250225138237296
9.56	1.7206007273018205
9.6	1.1870598125177412
9.64	0.6495781270447254
9.68	0.10820490102938607
9.72	-0.4369383588072352
9.76	-0.985646613563347
9.8	-1.5376250678527874
9.84	-2.0924897854737017
9.88	-2.6497711400565596
9.92	-3.2089278290368712
9.96	-3.769371715534053


0.0	0.4969153099502588
0.04	0.48364417894750744
0.08	0.48346875957993163
0.12	0.496134153802517
0.16	0.5214468013522691
0.2	0.5592496455870393
0.24	0.6093822778271658
0.28	0.6716349861503641
0.32	0.7457240620468468
0.36	0.831295714468407
0.4	0.9279582091708853
0.44	1.035347780529607
0.48	1.1532144219010316
0.52	1.281516657271009
0.56	1.4205212495119444
0.6	1.5709136057055701
0.64	1.7339353473089893
0.68	1.9115696988890836
0.72	2.1067854181247387
0.76	2.3237612719502465
0.8	2.5675695221584256
0.84	2.841171691653466
0.88	3.1357312429516107
0.92	-2.85920473925776
0.96	-2.602433111491317
1.0	-2.3830486803885425
1.04	-2.196811141315081
1.08	-2.038382525732313
1.12	-1.9036838918712347
1.16	-1.789941704753561
1.2	-1.6953424537339918
1.24	-1.618717420724126
1.28	-1.5593087375715289
1.32	-1.5166036489092365
1.36	-1.490220216774274
1.4000000000000001	-1.4798326157809125
1.44	-1.485128874721318
1.48	-1.5057959198732043
1.52	-1.5415273105742626
1.56	-1.5920510271761357
1.6	-1.657175136719082
1.6400000000000001	-1.736849070970047
1.68	-1.8312405848677988
1.72	-1.9408295120795724
1.76	-2.0665176306381214
1.8	-2.2097438400048617
1.84	-2.372542683424414
1.8800000000000001	-2.5573079581323235
1.92	-2.7655421665160542
1.96	-2.994268456122226
2.0	3.0519658853087863
2.04	2.825459079366121
2.08	2.6226726402069964
2.12	2.4472217947463104
2.16	2.297650944316164
2.2	2.1713782333663367
2.24	2.0661223359357326
2.2800000000000002	1.9801685985807218
2.32	1.9122950919860706
2.36	1.8616387733715154
2.4	1.8275765064535623
2.44	1.809636240008608
2.48	1.8074384032861133
2.52	1.8206641434773267
2.56	1.8490477536770022
2.6	1.8923887831393387
2.64	1.9505819526891557
2.68	2.0236599458020716
2.72	2.1118423878623176
2.7600000000000002	2.2155829132537015
2.8000000000000003	2.3355854208750753
2.84	2.4727161288579325
2.88	2.6276300446488428
2.92	2.7997543007914167
2.96	2.985337391724034
3.0	-3.1075076162760116
3.04	-2.9243268466694285
3.08	-2.7580907738821683
3.12	-2.6134088327405465
3.16	-2.4909801756259764
3.2	-2.389827758860891
3.24	-2.3086009296619814
3.2800000000000002	-2.246068191117697
3.3200000000000003	-2.2012366959214624
3.36	-2.173345197707091
3.4	-2.1618240035091896
3.44	-2.166257935896785
3.48	-2.18636434596967
3.52	-2.22198644342585
3.56	-2.273097935355011
3.6	-2.3398090459427916
3.64	-2.4223569199346953
3.68	-2.521042313299141
3.72	-2.6360322602937503
3.7600000000000002	-2.766896012137419
3.8000000000000003	-2.9117362498787163
3.84	-3.066101032277767
3.88	3.0604678744475615
3.92	2.9099406174911486
3.96	2.772138182137189
4.0	2.6507075460156777
4.04	2.5469031630525976
4.08	2.4606959602276426
4.12	2.391556525356565
4.16	2.3388437733242835
4.2	2.3019603075368487
4.24	2.280399567378211
4.28	2.273748570781976
4.32	2.2816779465294204
4.36	2.3039326528176396
4.4	2.3403248231552034
4.44	2.3907243099389923
4.48	2.4550359019025354
4.5200000000000005	2.533139020135275
4.5600000000000005	2.624757198058834
4.6000000000000005	2.7292090075127184
4.64	2.8449871313175823
4.68	2.9692314771480977
4.72	3.0974265413296607
4.76	-3.059343330204552
4.8	-2.9403895643804887
4.84	-2.8332580314199447
4.88	-2.7405418682189246
4.92	-2.6633971098716707
4.96	-2.602104450705835
5.0	-2.5565139547872064
5.04	-2.5263103560875884
5.08	-2.5111439235966273
5.12	-2.5106865739277158
5.16	-2.5246476673642544
5.2	-2.552766350976441
5.24	-2.5947858502506334
5.28	-2.650395875011089
5.32	-2.7191265196322805
5.36	-2.8001699440596592
5.4	-2.8921192985876356
5.44	-2.9926727231059562
5.48	-3.0984621095247338
5.5200000000000005	3.0779346281090376
5.5600000000000005	2.974602154938033
5.6000000000000005	2.8786009006361546
5.64	2.792743974961194
5.68	2.7187612141133854
5.72	2.6575467795779826
5.76	2.6094565257589313
5.8	2.574539011825463
5.84	2.552681986830759
5.88	2.543693922038184
5.92	2.547343164345678
5.96	2.5633658060014834
6.0	2.591457316604295
6.04	2.631251869153777
6.08	2.6822651427329074
6.12	2.7438047736660387
6.16	2.8148465991022498
6.2	2.8938784598848475
6.24	2.9787628305127765
6.28	3.066711009325184
6.32	-3.1287196081353805
6.36	-3.0445044833278114
6.4	-2.9668236679206608
6.44	-2.8980182727125356
6.48	-2.8397053483694457
6.5200000000000005	-2.7928696033753813
6.5600000000000005	-2.7580266362924597
6.6000000000000005	-2.735377968706972
6.640000000000001	-2.724918701297601
6.68	-2.726504805420605
6.72	-2.7398809025611612
6.76	-2.7646782975459088
6.8	-2.8003855304522194
6.84	-2.8462862054403804
6.88	-2.901382636380929
6.92	-2.9643055762005286
6.96	-3.0332372570789996
7.0	-3.105911031091038
7.04	3.1034536087247666
7.08	3.031172945380394
7.12	2.96293280051896
7.16	2.900828683544187
7.2	2.8464579118163655
7.24	2.800935892774591
7.28	2.764978132575692
7.32	2.738989871490581
7.36	2.723143401308807
7.4	2.7174414291551994
7.44	2.7217533975982207
7.48	2.7358265985757804
7.5200000000000005	2.7592801236094004
7.5600000000000005	2.791585224445205
7.6000000000000005	2.8320300767505753
7.640000000000001	2.879671311469533
7.68	2.933283866434115
7.72	2.991330376112817
7.76	3.0519784804695522
7.8	3.113187248758136
7.84	-3.1103389368036893
7.88	-3.0542438282329183
7.92	-3.0034812181236656
7.96	-2.9594844526717745
8.0	-2.9233254459836777
8.040000000000001	-2.8957353865482105
8.08	-2.877153667317925
8.120000000000001	-2.8677789161100993
8.16	-2.8676060082204113
8.2	-2.876448562147946
8.24	-2.893949934043617
8.28	-2.9195759055550514
8.32	-2.952593276021945
8.36	-2.992043143199944
8.4	-3.036729609822685
8.44	-3.085229812577489
8.48	-3.135928281504711
8.52	3.0960865523911547
8.56	3.046165665731843
8.6	2.9990976895013386
8.64	2.956283425981505
8.68	2.9188700177578006
8.72	2.887736960376909
8.76	2.863512498745994
8.8	2.846600410293382
8.84	2.837209561490834
8.88	2.835379005223107
8.92	2.840995320935761
8.96	2.8537991610485527
9.0	2.87338239293849
9.040000000000001	2.899179842662818
9.08	2.9304588635082585
9.120000000000001	2.966314674169416
9.16	3.0056742935158773
9.200000000000001	3.047308936322226
9.24	3.0898736634086443
9.28	3.131974021970045
9.32	-3.110944188793109
9.36	-3.0737826414833407
9.4	-3.040840802724352
9.44	-3.0130324451404427
9.48	-2.991053492344313
9.52	-2.975385879298898
9.56	-2.9663153965774782
9.6	-2.963944595584584
9.64	-2.968198958169765
9.68	-2.978837046423836
9.72	-2.9954576773378294
9.76	-3.017496086043174
9.8	-3.0442269330102576
9.84	-3.0747764124612447
9.88	-3.108140061370877
9.92	3.139971204095718
9.96	3.1043452163076344


0.0	-9.324405595484507
0.04	-9.4831149976367
0.08	-9.643154099510117
0.12	-9.80226205697245
0.16	-9.957914443443332
0.2	-10.106795856941547
0.24	-10.244436826797529
0.28	-10.364934403162646
0.32	-10.461878134705602
0.36	-10.528284526159574
0.4	-10.557318673255494
0.44	-10.54263433969105
0.48	-10.478358497273339
0.52	-10.35870548299055
0.56	-10.17729036649835
0.6	-9.926132861296312
0.64	-9.594761433699723
0.68	-9.16899326580572
0.72	-8.630804394236144
0.76	-7.9635009217405095
0.8	-7.179834918849555
0.84	-6.4207393176034735
0.88	-6.082020427626983
0.92	-6.4379148454982715
0.96	-7.147668928134222
1.0	-7.8392918281916035
1.04	-8.400271901533548
1.08	-8.829845228043883
1.12	-9.149907237171758
1.16	-9.382069848495055
1.2	-9.5442006500606
1.24	-9.651106897623464
1.28	-9.715398527439097
1.32	-9.748387447571822
1.36	-9.760631157047364
1.4000000000000001	-9.761999442251646
1.44	-9.761898543617042
1.48	-9.769181988596875
1.52	-9.792577731863771
1.56	-9.840359659189637
1.6	-9.920604919127635
1.6400000000000001	-10.041429274867697
1.68	-10.211306650027721
1.72	-10.4394552804237
1.76	-10.73601747605568
1.8	-11.111766620884337
1.84	-11.574709109987495
1.8800000000000001	-12.11796619326446
1.92	-12.685724287068153
1.96	-13.11920064109089
2.0	-13.202681478046866
2.04	-12.916594308273119
2.08	-12.466189347457636
2.12	-12.023013525382343
2.16	-11.651490185825415
2.2	-11.360851169126398
2.24	-11.14245320474218
2.2800000000000002	-10.983821085437969
2.32	-10.872581118262566
2.36	-10.797244461272477
2.4	-10.747171911637192
2.44	-10.712388685251101
2.48	-10.683454560445385
2.52	-10.651432675289476
2.56	-10.607673393322777
2.6	-10.54403919489597
2.64	-10.452425734081634
2.68	-10.325184600783414
2.72	-10.15491879335493
2.7600000000000002	-9.93484438740325
2.8000000000000003	-9.66008992468996
2.84	-9.331433460073534
2.88	-8.96442800711132
2.92	-8.60670014457424
2.96	-8.352535423634293
3.0	-8.307558391636178
3.04	-8.48974909620709
3.08	-8.807769758512423
3.12	-9.157023079173143
3.16	-9.47935095202615
3.2	-9.755587619267315
3.24	-9.985664993570374
3.2800000000000002	-10.17658747621154
3.3200000000000003	-10.33758874505089
3.36	-10.4783652149247
3.4	-10.608255191434441
3.44	-10.73622299197747
3.48	-10.870778382111107
3.52	-11.02006762541853
3.56	-11.191703797218738
3.6	-11.392454294142727
3.64	-11.627445712490724
3.68	-11.89825222921813
3.72	-12.198728406999829
3.7600000000000002	-12.50811318910851
3.8000000000000003	-12.78281975351532
3.84	-12.959986263049515
3.88	-12.98987979716112
3.92	-12.877693216484634
3.96	-12.677758402648301
4.0	-12.448864378173031
4.04	-12.228388900076569
4.08	-12.032629966278797
4.12	-11.865112350122732
4.16	-11.72316514667486
4.2	-11.601221338324661
4.24	-11.492664018643536
4.28	-11.390613332533686
4.32	-11.288370927737105
4.36	-11.1795101725929
4.4	-11.058205290077096
4.44	-10.919452418888563
4.48	-10.75980224773263
4.5200000000000005	-10.57861057659171
4.5600000000000005	-10.379909945543288
4.6000000000000005	-10.175353841820463
4.64	-9.987900491860975
4.68	-9.85101346154455
4.72	-9.798802914621545
4.76	-9.84689069422866
4.8	-9.981624477739533
4.84	-10.170195775419025
4.88	-10.380025356063268
4.92	-10.58942839272134
4.96	-10.78800927933782
5.0	-10.97315250395537
5.04	-11.146780656833736
5.08	-11.31286330460808
5.12	-11.476385838290922
5.16	-11.642198670680116
5.2	-11.814711477632942
5.24	-11.997083616048362
5.28	-12.190302339490541
5.32	-12.391820922411332
5.36	-12.593829751849716
5.4	-12.781759093697746
5.44	-12.934857946352144
5.48	-13.031147611211509
5.5200000000000005	-13.057055397998708
5.5600000000000005	-13.014928457739968
5.6000000000000005	-12.921366358148964
5.64	-12.7975645804341
5.68	-12.661621088463761
5.72	-12.52528480800047
5.76	-12.394367073116136
5.8	-12.270466774173771
5.84	-12.152571912637079
5.88	-12.038279731487943
5.92	-11.924615029462684
5.96	-11.808923121835692
6.0	-11.688907753443022
6.04	-11.56325394384695
6.08	-11.4329704141871
6.12	-11.301519534564163
6.16	-11.17606295166495
6.2	-11.067505041562946
6.24	-10.989454084566296
6.28	-10.954585699834423
6.32	-10.9700405420732
6.36	-11.034584500870393
6.4	-11.139038806276302
6.44	-11.270803900986648
6.48	-11.418102967276493
6.5200000000000005	-11.572003853119769
6.5600000000000005	-11.72749813992313
6.6000000000000005	-11.882310741819909
6.640000000000001	-12.036106593256033
6.68	-12.189556506183177
6.72	-12.34341548950003
6.76	-12.498003186546695
6.8	-12.652378959942027
6.84	-12.80356714663865
6.88	-12.946750078187176
6.92	-13.074407440891957
6.96	-13.177626237430234
7.0	-13.247925118055157
7.04	-13.280217585877535
7.08	-13.274424939577907
7.12	-13.235566230177984
7.16	-13.171598322128027
7.2	-13.090847015002339
7.24	-13.000376677667147
7.28	-12.904941643718486
7.32	-12.807762002828044
7.36	-12.710264095975026
7.4	-12.612852835851525
7.44	-12.515409745177411
7.48	-12.41804633764509
7.5200000000000005	-12.32121010197308
7.5600000000000005	-12.226248667168178
7.6000000000000005	-12.135627859668555
7.640000000000001	-12.053385239617894
7.68	-11.984817006693351
7.72	-11.936013150197011
7.76	-11.912369509942195
7.8	-11.917289319169475
7.84	-11.951492161860791
7.88	-12.012654125483625
7.92	-12.09620171317595
7.96	-12.196777472779981
8.0	-12.309096217224292
8.040000000000001	-12.428836051667245
8.08	-12.55286499732081
8.120000000000001	-12.67904050002383
8.16	-12.805718738019998
8.2	-12.931554888289687
8.24	-13.055167328239126
8.28	-13.174562009711
8.32	-13.28697667217371
8.36	-13.388701850092863
8.4	-13.475886215859171
8.44	-13.544525704512173
8.48	-13.591303057961229
8.52	-13.614713288727012
8.56	-13.61536362085676
8.6	-13.595631239063206
8.64	-13.558890576944895
8.68	-13.509134459831259
8.72	-13.44998672091808
8.76	-13.384512157976433
8.8	-13.315086015568827
8.84	-13.243474580210378
8.88	-13.171010242026888
8.92	-13.098817692066962
8.96	-13.028147017293929
9.0	-12.96053896288335
9.040000000000001	-12.897964779162841
9.08	-12.842852171667406
9.120000000000001	-12.797860162252158
9.16	-12.76582156278278
9.200000000000001	-12.749586484876124
9.24	-12.751051723704105
9.28	-12.770992921111102
9.32	-12.808912162094515
9.36	-12.86332427564463
9.4	-12.931723911336428
9.44	-13.011257511677892
9.48	-13.098964536708007
9.52	-13.192338602069023
9.56	-13.289296500070167
9.6	-13.387854427735364
9.64	-13.486038197802669
9.68	-13.582123706897196
9.72	-13.674204991152015
9.76	-13.76000815574417
9.8	-13.837333949341536
9.84	-13.903956252947609
9.88	-13.95786074245351
9.92	-13.997523357807118
9.96	-14.022159128196275


0.0	-0.4980070335886088
0.04	-0.16688915443023777
0.08	0.15703172477874905
0.12	0.47541482203330576
0.16	0.7895575331760851
0.2	1.099915540682174
0.24	1.4058537785299534
0.28	1.705607000134729
0.32	1.9973552995145967
0.36	2.2795670316261782
0.4	2.552008217583149
0.44	2.816393771407463
0.48	3.0767312914127167
0.52	3.3394563931784393
0.56	3.6135870551270544
0.6	3.911147397083018
0.64	4.248123300148841
0.68	4.645878646208299
0.72	5.132363041479117
0.76	5.738378892163361
0.8	6.4679383424221335
0.84	7.18074571224879
0.88	7.4246381709367615
0.92	6.876460560364403
0.96	5.943590550381759
1.0	5.0464339253663875
1.04	4.2882971062710995
1.08	3.6500988727906516
1.12	3.096266429192002
1.16	2.598292994330064
1.2	2.1364614046072172
1.24	1.6978932734691248
1.28	1.2746387808818902
1.32	0.8621811855663761
1.36	0.45833302819387056
1.4000000000000001	0.062341517498195886
1.44	-0.32584616270320454
1.48	-0.7062182236676089
1.52	-1.0792017941801288
1.56	-1.446162862424225
1.6	-1.8098052514613039
1.6400000000000001	-2.17455817362722
1.68	-2.5469786447204115
1.72	-2.9361867011410623
1.76	-3.3541921996196624
1.8	-3.8156555074668344
1.84	-4.3346328107046
1.8800000000000001	-4.911138140848629
1.92	-5.4905075008506845
1.96	-5.89443439645874
2.0	-5.870234542390536
2.04	-5.398946921474829
2.08	-4.7276869752766615
2.12	-4.052304158135123
2.16	-3.4374069070424604
2.2	-2.885782896840194
2.24	-2.3841149508757407
2.2800000000000002	-1.9186107150383116
2.32	-1.478616521559088
2.36	-1.0567633766715372
2.4	-0.6482954167483123
2.44	-0.25028777728189605
2.48	0.13907163503724518
2.52	0.5211049128016831
2.56	0.8972315896338898
2.6	1.2693645990648066
2.64	1.6404065647943602
2.68	2.0143858948810167
2.72	2.3966134001117116
2.7600000000000002	2.7933645901861115
2.8000000000000003	3.2104791669957278
2.84	3.649116101926585
2.88	4.094921007549393
2.92	4.496560271899558
2.96	4.745986449696754
3.0	4.719295852405127
3.04	4.3980409563754765
3.08	3.89535493619265
3.12	3.336702680812404
3.16	2.7892298542143474
3.2	2.2741698031638817
3.24	1.7923417342578716
3.2800000000000002	1.3384287464753093
3.3200000000000003	0.9063087925279931
3.36	0.4906345520758523
3.4	0.08715100058582759
3.44	-0.30767312928966334
3.48	-0.6969957422808057
3.52	-1.0839989407123616
3.56	-1.472038062721927
3.6	-1.864524694416561
3.64	-2.264182992475189
3.68	-2.670943555242758
3.72	-3.0770833442188086
3.7600000000000002	-3.4586615092709736
3.8000000000000003	-3.7650506161656345
3.84	-3.9223628138811266
3.88	-3.8727519723303625
3.92	-3.6256354179300763
3.96	-3.2496249845945906
4.0	-2.8171065811024287
4.04	-2.37349555562987
4.08	-1.9391881096479051
4.12	-1.5204894150764152
4.16	-1.1176340552286175
4.2	-0.7286388467771103
4.24	-0.3511080688366636
4.28	0.01719761179179219
4.32	0.37822041210564566
4.36	0.7337424885335049
4.4	1.085331287910673
4.44	1.4342530173634245
4.48	1.7808512190054298
4.5200000000000005	2.1232264368811835
4.5600000000000005	2.4549742641058274
4.6000000000000005	2.76153238433426
4.64	3.015625045003616
4.68	3.177696499519299
4.72	3.207767153512848
4.76	3.0889083938108195
4.8	2.8405238427757733
4.84	2.50542391722533
4.88	2.12578504204206
4.92	1.7304360355766168
4.96	1.3349048285791498
5.0	0.9459790286545195
5.04	0.5656840350278534
5.08	0.19402018318595737
5.12	-0.16993562251414568
5.16	-0.5270405006195406
5.2	-0.8778417191324939
5.24	-1.2218749275947585
5.28	-1.5567295546303999
5.32	-1.8765320247785764
5.36	-2.169896695274565
5.4	-2.4180724890636314
5.44	-2.5955542961394507
5.48	-2.676113807407356
5.5200000000000005	-2.644552915388048
5.5600000000000005	-2.505806587413932
5.6000000000000005	-2.2825493967299306
5.64	-2.0031904933388254
5.68	-1.6923265872742348
5.72	-1.3669877674638626
5.76	-1.0373671117775705
5.8	-0.7089981705337718
5.84	-0.3846595392927959
5.88	-0.0657106916600067
5.92	0.24709120247555422
5.96	0.5528086774725189
6.0	0.8502654655460189
6.04	1.1374712799487179
6.08	1.4103500304137604
6.12	1.6624137721088486
6.16	1.8834318578674314
6.2	2.059295160954546
6.24	2.173289329872696
6.28	2.2104471492183153
6.32	2.1632140141749265
6.36	2.0349730760478892
6.4	1.8392921391983588
6.44	1.594290338889747
6.48	1.317318608969612
6.5200000000000005	1.022374224335306
6.5600000000000005	0.7189804075206843
6.6000000000000005	0.4134974032385772
6.640000000000001	0.11007375410204323
6.68	-0.18832548345396938
6.72	-0.47896773956775257
6.76	-0.7588014393122331
6.8	-1.0236252813377535
6.84	-1.2672911797106754
6.88	-1.4818395193724574
6.92	-1.6567358599666153
6.96	-1.7803896913863082
7.0	-1.8424476997657404
7.04	-1.8373339576046581
7.08	-1.766227488097255
7.12	-1.6370114493221468
7.16	-1.4615331462870342
7.2	-1.2523779205777612
7.24	-1.0207887066795736
7.28	-0.7754585100395123
7.32	-0.5232578109001491
7.36	-0.2690656117533644
7.4	-0.016583569725383662
7.44	0.2311366151934579
7.48	0.4709604579622005
7.5200000000000005	0.6995404728342137
7.5600000000000005	0.9127691105998228
7.6000000000000005	1.105556691640405
7.640000000000001	1.2714143598089251
7.68	1.4028250236807158
7.72	1.4918746790456026
7.76	1.5319998772572454
7.8	1.519598339421324
7.84	1.4549279231765422
7.88	1.342442277850346
7.92	1.1897316025710678
7.96	1.0056787983163755
8.0	0.7992608354487937
8.040000000000001	0.578439059606424
8.08	0.3498369243430508
8.120000000000001	0.11891753476071631
8.16	-0.10952534821470766
8.2	-0.33114976717909084
8.24	-0.5417205955659548
8.28	-0.7365487700877518
8.32	-0.9103594465166509
8.36	-1.0571750800664557
8.4	-1.1712173000263808
8.44	-1.2470629513652043
8.48	-1.2806707484171629
8.52	-1.2706618007528756
8.56	-1.2186632834580158
8.6	-1.1288652593065696
8.64	-1.0070442424533792
8.68	-0.8599432102417616
8.72	-0.6940862734446013
8.76	-0.5154541281005122
8.8	-0.32928054494237036
8.84	-0.14009904400643333
8.88	0.048096766054553874
8.92	0.23163672461037513
8.96	0.4068582094612172
9.0	0.5699570727140746
9.040000000000001	0.7168735123626905
9.08	0.8433052507926142
9.120000000000001	0.9449896139330666
9.16	1.0178513820061548
9.200000000000001	1.0582687089489433
9.24	1.0641461641604966
9.28	1.0351574013535925
9.32	0.9729029563702655
9.36	0.8805531795302145
9.4	0.762749212173276
9.44	0.6247729838064549
9.48	0.4721610188997073
9.52	0.3100372506062308
9.56	0.1430753076208126
9.6	-0.02422775363169044
9.64	-0.1874972669003809
9.68	-0.3427422943561788
9.72	-0.4859559191226739
9.76	-0.6129708183722964
9.8	-0.7199495246817535
9.84	-0.8033497244221559
9.88	-0.8602374881969972
9.92	-0.8886369998953898
9.96	-0.8878284038764283


